(543, 7)
(544, 1)
(548, 12)
(553, 1)
(557, 1)
(559, 58)
(560, 2)
(561, 3)
(563, 2)
(564, 6)
(565, 3)
(567, 14)
(570, 1)
(574, 1)
(575, 1)
(576, 2)
(577, 1)
(578, 1)
(579, 5)
(580, 17)
(581, 4)
(585, 1)
(586, 3)
(587, 2)
(588, 12)
(589, 2)
(591, 1)
(592, 1)
(594, 1)
(598, 1)
(599, 1)
(603, 2)
(612, 4)
(613, 1)
(617, 1)
(622, 2)
(625, 1)
(626, 2)
(627, 2)
(628, 1)
(630, 1)
(636, 82)
(637, 1)
(638, 2)
(639, 1)
(640, 2)
(642, 3)
(645, 1)
(650, 5)
(653, 1)
(661, 2)
(662, 1)
(664, 2)
(665, 2)
(667, 1)
(669, 1)
(670, 1)
(671, 2)
(672, 1)
(673, 1)
(676, 1)
(678, 1)
(679, 3)
(681, 1)
(682, 1)
(688, 3)
(691, 1)
(692, 4)
(693, 1)
(694, 3)
(695, 15)
(696, 1)
(699, 3)
(701, 1)
(702, 2)
(705, 1)
(706, 1)
(707, 1)
(710, 1)
(711, 3)
(712, 3)
(713, 2)
(714, 5)
(720, 1)
(729, 1)
(736, 4)
(737, 1)
(739, 2)
(740, 1)
(743, 1)
(744, 2)
(745, 2)
(746, 3)
(749, 1)
(751, 1)
(752, 3)
(753, 2)
(754, 1)
(755, 2)
(756, 1)
(758, 1)
(759, 1)
(761, 3)
(763, 1)
(764, 3)
(768, 1)
(770, 1)
(771, 1)
(772, 1)
(776, 1)
(777, 1)
(782, 1)
(784, 2)
(787, 1)
(791, 1)
(792, 1)
(794, 1)
(803, 1)
(808, 1)
(812, 1)
(816, 1)
(819, 1)
(824, 1)
(827, 1)
(830, 1)
(831, 1)
(834, 1)
(837, 1)
(838, 1)
(840, 1)
(849, 1)
(853, 2)
(862, 1)
(863, 1)
(864, 1)
(865, 2)
(866, 2)
(868, 1)
(871, 1)
(874, 2)
(877, 1)
(884, 2)
(885, 2)
(886, 1)
(889, 1)
(894, 1)
(895, 1)
(899, 1)
(906, 1)
(908, 1)
(909, 13)
(910, 1)
(914, 1)
(924, 5)
(925, 1)
(930, 1)
(938, 7)
(954, 5)
(959, 2)
(963, 1)
(965, 1)
(967, 1)
(968, 1)
(969, 1)
(970, 1)
(990, 1)
(991, 1)
(997, 1)
(998, 2)
(999, 3)
(1002, 1)
(1006, 1)
(1007, 1)
(1008, 1)
(1009, 1)
(1010, 1)
(1011, 2)
(1029, 1)
(1036, 2)
(1040, 1)
(1045, 1)
(1046, 1)
(1050, 1)
(1051, 1)
(1053, 1)
(1055, 1)
(1056, 1)
(1067, 1)
(1070, 1)
(1076, 1)
(1079, 2)
(1088, 1)
(1097, 1)
(1099, 2)
(1100, 1)
(1101, 1)
(1107, 1)
(1109, 1)
(1127, 2)
(1134, 1)
(1136, 1)
(1137, 2)
(1147, 1)
(1154, 1)
(1158, 1)
(1159, 2)
(1167, 1)
(1193, 2)
(1203, 2)
(1208, 1)
(1211, 1)
(1222, 2)
(1227, 1)
(1231, 1)
(1235, 1)
(1241, 2)
