(235, 16)
(236, 11)
(237, 20)
(238, 7)
(239, 4)
(240, 9)
(241, 3)
(242, 9)
(243, 8)
(244, 6)
(245, 25)
(246, 6)
(247, 2)
(248, 7)
(249, 8)
(250, 3)
(251, 12)
(252, 6)
(253, 10)
(254, 10)
(255, 8)
(256, 2)
(257, 5)
(258, 18)
(259, 6)
(260, 3)
(261, 4)
(262, 2)
(263, 2)
(265, 14)
(266, 10)
(267, 8)
(268, 2)
(270, 9)
(271, 3)
(272, 11)
(273, 10)
(274, 6)
(275, 5)
(276, 8)
(277, 5)
(278, 9)
(279, 4)
(280, 7)
(282, 3)
(283, 26)
(284, 11)
(285, 5)
(286, 4)
(287, 6)
(288, 3)
(289, 3)
(290, 2)
(292, 1)
(293, 3)
(294, 10)
(295, 3)
(296, 9)
(297, 3)
(298, 2)
(299, 1)
(300, 2)
(301, 1)
(302, 4)
(303, 7)
(304, 19)
(305, 3)
(306, 3)
(307, 46)
(308, 11)
(309, 3)
(310, 3)
(311, 3)
(312, 5)
(313, 4)
(314, 3)
(315, 3)
(316, 5)
(317, 2)
(318, 3)
(319, 4)
(320, 2)
(321, 2)
(322, 3)
(323, 3)
(324, 4)
(325, 5)
(326, 9)
(327, 39)
(328, 4)
(329, 7)
(331, 1)
(332, 3)
(333, 3)
(334, 1)
(335, 2)
(336, 3)
(337, 1)
(338, 1)
(339, 3)
(340, 13)
(341, 2)
(342, 2)
(343, 6)
(344, 3)
(345, 3)
(346, 10)
(347, 3)
(349, 1)
(350, 15)
(351, 2)
(352, 1)
(353, 7)
(355, 5)
(356, 4)
(357, 55)
(358, 3)
(359, 2)
(360, 2)
(361, 6)
(362, 18)
(363, 3)
(364, 5)
(365, 1)
(366, 1)
(368, 2)
(369, 1)
(370, 6)
(371, 4)
(372, 5)
(373, 3)
(374, 4)
(375, 2)
(376, 3)
(377, 9)
(378, 5)
(379, 6)
(380, 3)
(381, 5)
(382, 4)
(383, 36)
(384, 18)
(385, 2)
(386, 2)
(387, 8)
(388, 7)
(389, 10)
(390, 8)
(391, 2)
(392, 7)
(393, 23)
(394, 1)
(395, 8)
(396, 3)
(397, 1)
(398, 2)
(399, 1)
(401, 3)
(402, 2)
(403, 1)
(404, 1)
(406, 2)
(407, 1)
(408, 2)
(409, 2)
(410, 2)
(412, 4)
(413, 1)
(414, 1)
(415, 12)
(416, 1)
(418, 1)
(420, 1)
(423, 4)
(425, 3)
(427, 10)
(428, 1)
(429, 1)
(433, 1)
(434, 7)
(435, 11)
(436, 1)
(437, 3)
(438, 21)
(439, 2)
(440, 1)
(441, 4)
(443, 3)
(444, 2)
(445, 2)
(447, 1)
(448, 1)
(449, 1)
(450, 6)
(451, 4)
(454, 3)
(455, 1)
(457, 8)
(458, 1)
(459, 2)
(460, 3)
(461, 2)
(463, 1)
(464, 4)
(465, 4)
(466, 25)
(467, 2)
(468, 5)
(469, 2)
(470, 8)
(471, 3)
(472, 7)
(473, 13)
(474, 37)
(475, 1)
(476, 4)
(477, 18)
(479, 4)
(480, 2)
(481, 5)
(483, 4)
(484, 2)
(485, 42)
(487, 7)
(488, 3)
(489, 2)
(493, 16)
(495, 2)
(496, 1)
(498, 2)
(500, 3)
(501, 3)
(502, 1)
(503, 2)
(504, 1)
(505, 2)
(506, 1)
(507, 1)
(508, 1)
(514, 1)
(515, 23)
(516, 1)
(517, 8)
(518, 2)
(519, 1)
(520, 1)
(521, 2)
(522, 1)
(523, 2)
(524, 25)
(525, 2)
(526, 3)
(527, 1)
(528, 1)
(529, 1)
(531, 1)
(538, 2)
(540, 1)
(541, 1)
(542, 1)
