(1, 183981)
(2, 129085)
(3, 76580)
(4, 50134)
(5, 33042)
(6, 21885)
(7, 17428)
(8, 9478)
(9, 7116)
(10, 7338)
(11, 7324)
(12, 5323)
(13, 4657)
(14, 4902)
(15, 10140)
(16, 2452)
(17, 2078)
(18, 1865)
(19, 1666)
(20, 1490)
(21, 1566)
(22, 2366)
(23, 4041)
(24, 2511)
(25, 1248)
(26, 1195)
(27, 791)
(28, 554)
(29, 603)
(30, 619)
(31, 584)
(32, 506)
(33, 496)
(34, 435)
(35, 375)
(36, 291)
(37, 305)
(38, 355)
(39, 370)
(40, 376)
(41, 298)
(42, 413)
(43, 256)
(44, 218)
(45, 327)
(46, 368)
(47, 192)
(48, 328)
(49, 240)
(50, 196)
(51, 338)
(52, 228)
(53, 226)
(54, 325)
(55, 260)
(56, 186)
(57, 236)
(58, 150)
(59, 152)
(60, 184)
(61, 195)
(62, 263)
(63, 475)
(64, 362)
(65, 280)
(66, 246)
(67, 186)
(68, 298)
(69, 343)
(70, 170)
(71, 254)
(72, 382)
(73, 293)
(74, 218)
(75, 248)
(76, 285)
(77, 286)
(78, 156)
(79, 86)
(80, 71)
(81, 572)
(82, 302)
(83, 58)
(84, 89)
(85, 51)
(86, 83)
(87, 65)
(88, 106)
(89, 86)
(90, 63)
(91, 70)
(92, 54)
(93, 70)
(94, 75)
(95, 43)
(96, 66)
(97, 64)
(98, 62)
(99, 69)
(100, 55)
(101, 168)
(102, 60)
(103, 358)
(104, 131)
(105, 68)
(106, 61)
(107, 31)
(108, 61)
(109, 37)
(110, 66)
(111, 72)
(112, 82)
(113, 274)
(114, 28)
(115, 82)
(116, 139)
(117, 80)
(118, 40)
(119, 47)
(120, 41)
(121, 41)
(122, 19)
(123, 34)
(124, 36)
(125, 47)
(126, 30)
(127, 38)
(128, 22)
(129, 17)
(130, 18)
(131, 14)
(132, 22)
(133, 30)
(134, 24)
(135, 43)
(136, 21)
(137, 27)
(138, 16)
(139, 16)
(140, 26)
(141, 29)
(142, 30)
(143, 17)
(144, 69)
(145, 39)
(146, 22)
(147, 27)
(148, 28)
(149, 22)
(150, 15)
(151, 24)
(152, 21)
(153, 33)
(154, 13)
(155, 29)
(156, 21)
(157, 17)
(158, 14)
(159, 131)
(160, 53)
(161, 15)
(162, 333)
(163, 7)
(164, 8)
(165, 4)
(166, 19)
(167, 10)
(168, 4)
(169, 9)
(170, 6)
(171, 7)
(172, 6)
(173, 6)
(174, 10)
(175, 4)
(176, 9)
(177, 12)
(178, 11)
(179, 13)
(180, 26)
(181, 24)
(182, 22)
(183, 19)
(184, 18)
(185, 16)
(186, 10)
(187, 3)
(188, 5)
(189, 84)
(190, 13)
(191, 12)
(192, 54)
(193, 83)
(194, 29)
(195, 62)
(196, 37)
(197, 24)
(198, 27)
(199, 10)
(200, 6)
(201, 69)
(202, 30)
(203, 28)
(204, 15)
(205, 12)
(206, 5)
(207, 4)
(208, 8)
(209, 3)
(210, 3)
(211, 1)
(212, 5)
(213, 6)
(214, 8)
(215, 9)
(216, 7)
(217, 9)
(218, 6)
(219, 3)
(220, 4)
(221, 6)
(222, 11)
(223, 5)
(224, 59)
(225, 10)
(226, 7)
(227, 6)
(228, 7)
(229, 7)
(230, 21)
(231, 7)
(232, 4)
(233, 5)
(234, 68)
