(87, 1520)
(88, 1521)
(89, 1494)
(90, 1375)
(91, 1354)
(92, 1327)
(93, 1278)
(94, 1187)
(95, 1187)
(96, 1248)
(97, 1167)
(98, 1129)
(99, 1069)
(100, 1083)
(101, 981)
(102, 1045)
(103, 999)
(104, 925)
(105, 911)
(106, 891)
(107, 810)
(108, 794)
(109, 805)
(110, 747)
(111, 752)
(112, 748)
(113, 710)
(114, 639)
(115, 636)
(116, 678)
(117, 672)
(118, 559)
(119, 568)
(120, 587)
(121, 594)
(122, 544)
(123, 497)
(124, 525)
(125, 526)
(126, 486)
(127, 493)
(128, 472)
(129, 452)
(130, 461)
(131, 460)
(132, 413)
(133, 444)
(134, 389)
(135, 404)
(136, 385)
(137, 349)
