(172, 149)
(173, 143)
(174, 164)
(175, 133)
(176, 129)
(177, 146)
(178, 151)
(179, 139)
(180, 106)
(181, 90)
(182, 104)
(183, 108)
(184, 115)
(185, 94)
(186, 114)
(187, 92)
(188, 102)
(189, 108)
(190, 72)
(191, 69)
(192, 107)
(193, 89)
(194, 96)
(195, 92)
(196, 74)
(197, 85)
(198, 65)
(199, 88)
(200, 66)
(201, 73)
(202, 74)
(203, 72)
(204, 57)
(205, 63)
(206, 69)
(207, 63)
(208, 62)
(209, 60)
(210, 74)
(211, 44)
(212, 51)
(213, 47)
(214, 44)
(215, 52)
(216, 53)
(217, 36)
(218, 55)
(219, 38)
(220, 43)
