(1, 205341)
(2, 132176)
(3, 97093)
(4, 78058)
(5, 65203)
(6, 56744)
(7, 49174)
(8, 44230)
(9, 39937)
(10, 36825)
(11, 33888)
(12, 31110)
(13, 29010)
(14, 26974)
(15, 25577)
(16, 23810)
(17, 22862)
(18, 21582)
(19, 20070)
(20, 18842)
(21, 18171)
(22, 17209)
(23, 16284)
(24, 15375)
(25, 14819)
(26, 13925)
(27, 13490)
(28, 12641)
(29, 12162)
(30, 11525)
(31, 11174)
(32, 10923)
(33, 10080)
(34, 9749)
(35, 9414)
(36, 8986)
(37, 8635)
(38, 8224)
(39, 7946)
(40, 7728)
(41, 7248)
(42, 6972)
(43, 6797)
(44, 6592)
