(295, 2)
(296, 3)
(297, 3)
(298, 2)
(300, 2)
(301, 1)
(302, 2)
(303, 1)
(308, 1)
(309, 1)
(312, 3)
(313, 1)
(315, 2)
(316, 3)
(317, 2)
(318, 1)
(320, 4)
(321, 1)
(324, 1)
(327, 1)
(328, 2)
(329, 2)
(330, 2)
(334, 2)
(336, 1)
(337, 2)
(339, 2)
(340, 1)
(342, 3)
(343, 1)
(344, 2)
(345, 2)
(346, 2)
(347, 1)
(348, 1)
(350, 1)
(351, 1)
(352, 1)
(353, 1)
(357, 1)
(358, 2)
(360, 1)
(361, 1)
(363, 1)
(364, 3)
(365, 2)
(366, 1)
(370, 2)
(372, 1)
(374, 1)
(375, 1)
(385, 1)
(388, 1)
(390, 1)
(391, 2)
(392, 1)
(396, 2)
(397, 2)
(398, 1)
(399, 1)
(401, 1)
(402, 1)
(403, 1)
(404, 1)
(406, 1)
(408, 4)
(409, 1)
(410, 1)
(411, 2)
(412, 1)
(413, 1)
(416, 1)
(418, 1)
(424, 1)
(426, 2)
(427, 1)
(428, 2)
(431, 1)
(436, 1)
(439, 1)
(441, 1)
(442, 2)
(445, 1)
(448, 1)
(449, 2)
(451, 1)
(452, 2)
(454, 2)
(455, 1)
(456, 1)
(458, 1)
(459, 2)
(460, 1)
(463, 1)
(464, 1)
(465, 1)
(467, 1)
(470, 1)
(471, 1)
(473, 1)
(474, 1)
(476, 1)
(477, 2)
(478, 1)
(479, 1)
(480, 1)
(483, 1)
(489, 2)
(492, 1)
(493, 1)
(494, 1)
(495, 1)
(497, 1)
(499, 1)
(503, 1)
(505, 2)
(508, 2)
(512, 1)
(517, 1)
(518, 2)
(521, 1)
(528, 1)
(529, 1)
(532, 1)
(534, 1)
(536, 1)
(538, 1)
(539, 2)
(540, 1)
(542, 1)
(548, 2)
(549, 1)
(556, 2)
(557, 1)
(558, 1)
(560, 2)
(563, 1)
(564, 1)
(567, 1)
(568, 1)
(569, 1)
(571, 1)
(573, 1)
(577, 3)
(582, 1)
(598, 2)
(599, 1)
(615, 1)
(617, 1)
(619, 1)
(625, 1)
(628, 1)
(629, 1)
(636, 1)
(642, 1)
(644, 1)
(646, 1)
(648, 1)
(650, 1)
(656, 2)
(659, 1)
(663, 1)
(683, 2)
(685, 1)
(686, 1)
(688, 1)
(705, 1)
(709, 1)
(720, 1)
(731, 1)
(734, 1)
(735, 1)
(736, 1)
(742, 1)
(748, 1)
(753, 1)
(754, 1)
(756, 1)
(761, 2)
(779, 1)
(783, 1)
(785, 1)
(793, 1)
(798, 1)
(802, 1)
(803, 2)
(818, 1)
(835, 1)
(846, 1)
(848, 1)
(854, 1)
(885, 2)
(886, 1)
(895, 1)
(914, 1)
(917, 2)
(933, 1)
(934, 1)
(942, 1)
(964, 1)
(980, 1)
(983, 1)
(984, 1)
(1017, 1)
(1021, 1)
(1043, 1)
(1055, 1)
(1065, 1)
(1087, 2)
(1088, 1)
(1094, 1)
(1098, 1)
(1113, 1)
(1160, 1)
(1170, 1)
(1243, 2)
(1284, 1)
(1320, 1)
(1325, 1)
(1328, 1)
(1352, 1)
(1354, 1)
(1366, 1)
(1370, 1)
(1395, 1)
(1404, 1)
(1417, 1)
(1454, 1)
(1466, 1)
(1503, 1)
(1506, 1)
(1526, 1)
(1610, 1)
(1650, 1)
(1658, 1)
(1720, 1)
(1731, 1)
(1750, 1)
(1795, 1)
(1849, 1)
(2611, 1)
(2696, 1)
(3092, 1)
(3945, 1)
(4306, 1)
(5949, 1)
(6249, 1)
(7631, 1)
