1	205341
2	132176
3	97093
4	78058
5	65203
6	56744
7	49174
8	44230
9	39937
10	36825
11	33888
12	31110
13	29010
14	26974
15	25577
16	23810
17	22862
18	21582
19	20070
20	18842
21	18171
22	17209
23	16284
24	15375
25	14819
26	13925
27	13490
28	12641
29	12162
30	11525
31	11174
32	10923
33	10080
34	9749
35	9414
36	8986
37	8635
38	8224
39	7946
40	7728
41	7248
42	6972
43	6797
44	6592
45	6135
46	6034
47	5778
48	5589
49	5446
50	5162
51	4960
52	4749
53	4686
54	4539
55	4257
56	4132
57	3959
58	3819
59	3679
60	3594
61	3497
62	3444
63	3199
64	3276
65	3111
66	3010
67	2797
68	2774
69	2641
70	2633
71	2543
72	2405
73	2326
74	2301
75	2223
76	2167
77	1995
78	2050
79	1962
80	1874
81	1849
82	1750
83	1728
84	1606
85	1577
86	1632
87	1520
88	1521
89	1494
90	1375
91	1354
92	1327
93	1278
94	1187
95	1187
96	1248
97	1167
98	1129
99	1069
100	1083
101	981
102	1045
103	999
104	925
105	911
106	891
107	810
108	794
109	805
110	747
111	752
112	748
113	710
114	639
115	636
116	678
117	672
118	559
119	568
120	587
121	594
122	544
123	497
124	525
125	526
126	486
127	493
128	472
129	452
130	461
131	460
132	413
133	444
134	389
135	404
136	385
137	349
138	375
139	330
140	341
141	322
142	340
143	317
144	312
145	321
146	298
147	286
148	258
149	245
150	239
151	279
152	231
153	241
154	226
155	221
156	214
157	188
158	217
159	214
160	207
161	190
162	197
163	176
164	194
165	173
166	170
167	159
168	151
169	163
170	146
171	152
172	149
173	143
174	164
175	133
176	129
177	146
178	151
179	139
180	106
181	90
182	104
183	108
184	115
185	94
186	114
187	92
188	102
189	108
190	72
191	69
192	107
193	89
194	96
195	92
196	74
197	85
198	65
199	88
200	66
201	73
202	74
203	72
204	57
205	63
206	69
207	63
208	62
209	60
210	74
211	44
212	51
213	47
214	44
215	52
216	53
217	36
218	55
219	38
220	43
221	44
222	46
223	51
224	51
225	40
226	47
227	34
228	34
229	45
230	51
231	39
232	45
233	25
234	33
235	40
236	30
237	34
238	37
239	29
240	28
241	28
242	32
243	28
244	27
245	17
246	21
247	24
248	20
249	24
250	27
251	24
252	21
253	15
254	25
255	17
256	18
257	19
258	20
259	16
260	29
261	19
262	17
263	16
264	20
265	16
266	17
267	12
268	25
269	15
270	16
271	15
272	10
273	22
274	16
275	16
276	12
277	12
278	16
279	11
280	11
281	12
282	14
283	11
284	14
285	10
286	8
287	17
288	14
289	13
290	14
291	15
292	10
293	13
294	12
295	7
296	11
297	9
298	8
299	13
300	14
301	6
302	9
303	7
304	5
305	8
306	4
307	9
308	10
309	10
310	7
311	3
312	13
313	14
314	4
315	2
316	4
317	7
318	5
319	6
320	6
321	4
322	3
323	3
324	11
325	5
326	6
327	2
328	9
329	3
330	2
331	7
332	4
333	3
334	7
335	8
336	3
337	5
338	4
339	2
340	7
341	4
342	1
343	4
344	10
345	7
346	9
347	5
348	5
349	7
350	3
351	5
352	1
353	6
354	1
355	2
356	8
357	3
358	3
359	2
360	3
361	3
363	2
364	4
365	4
366	3
367	3
368	2
369	4
370	4
372	1
373	2
374	2
375	1
376	3
377	3
378	1
379	2
380	1
381	3
382	3
384	2
385	1
386	1
387	1
388	4
389	4
390	3
392	1
393	2
395	6
396	2
397	1
398	3
399	2
401	1
403	2
404	1
405	2
407	2
409	2
411	3
412	6
413	1
414	5
415	2
416	1
417	1
418	1
419	1
421	2
422	3
423	4
424	1
425	1
426	2
427	1
428	1
430	4
434	4
437	1
438	1
439	2
440	2
441	1
442	1
443	2
445	1
446	3
449	2
450	1
451	1
453	2
454	2
455	2
457	1
458	2
460	2
461	1
466	1
467	1
468	1
472	1
473	1
478	1
481	1
483	1
484	1
487	1
488	1
489	1
494	2
496	1
497	1
499	1
501	1
506	1
511	1
512	1
514	1
516	1
519	1
522	2
525	2
534	1
539	1
541	1
543	1
544	2
555	1
562	1
572	1
577	1
585	2
586	1
587	1
589	1
591	1
599	1
602	1
608	1
611	1
616	1
617	1
622	1
623	1
625	1
632	1
637	1
639	2
641	1
642	1
654	1
660	1
662	1
667	1
670	1
681	1
685	1
695	1
702	1
707	2
708	1
721	1
728	1
739	1
749	1
765	1
779	1
781	1
788	1
791	1
792	1
801	1
809	1
825	1
838	1
872	1
898	1
949	1
1140	1
1189	1
1238	1
1279	1
1289	1
1307	1
1354	1
1413	1
1889	1
2015	1
2235	1
2910	1
4855	1
7613	1
8215	1
13733	1
