1	61936
2	6769
3	2012
4	917
5	520
6	283
7	210
8	166
9	121
10	93
11	79
12	53
13	52
14	40
15	46
16	34
17	23
18	23
19	23
20	29
21	22
22	18
23	12
24	17
25	15
26	19
27	13
28	6
29	7
30	9
31	10
32	10
33	11
34	7
35	5
36	11
37	6
38	7
39	4
40	9
41	12
42	6
43	5
44	7
45	10
46	6
47	8
48	9
49	3
50	8
51	5
52	5
53	7
54	8
55	4
56	4
57	6
58	9
59	4
60	9
61	7
62	7
63	3
64	7
65	3
66	6
67	4
68	4
69	6
70	2
71	6
72	3
73	5
74	10
75	4
76	6
77	2
78	2
79	4
80	5
81	3
82	5
83	8
84	3
85	6
86	3
87	4
88	1
89	5
90	3
91	4
92	4
94	6
95	6
96	1
97	3
98	5
99	6
100	4
101	4
102	3
103	2
104	4
105	1
106	1
107	4
108	3
109	3
110	2
111	2
112	2
113	4
114	4
115	4
116	4
117	2
118	3
119	3
120	4
121	3
122	6
123	1
124	3
125	2
126	5
127	5
128	2
129	1
130	3
131	1
132	2
133	4
134	2
135	4
136	3
137	6
138	4
139	3
140	5
142	1
143	1
144	3
146	5
147	3
148	2
149	5
150	1
151	3
152	1
153	1
155	2
156	1
157	6
158	1
159	4
160	1
161	2
162	3
163	2
164	3
165	3
166	3
167	3
168	2
169	3
170	2
171	4
173	1
174	2
175	3
176	2
177	2
178	2
179	2
180	1
182	3
183	1
184	3
185	4
186	1
187	3
188	2
189	2
190	3
191	3
193	1
194	1
195	2
196	2
197	3
198	1
199	2
200	2
201	2
202	3
204	4
205	1
206	3
207	3
208	2
210	3
211	1
212	3
213	1
214	1
215	2
216	2
217	1
219	2
220	4
221	3
223	1
224	1
226	2
227	1
229	2
230	2
232	1
233	3
235	2
237	1
239	1
240	2
241	2
242	1
243	2
244	1
245	1
246	1
247	1
248	1
249	4
250	1
251	1
252	2
255	3
257	1
258	1
259	3
261	1
262	1
263	2
264	1
265	4
266	2
267	1
268	3
269	3
270	3
272	1
273	1
274	1
276	1
277	3
278	3
279	2
280	1
281	1
282	2
283	1
284	2
285	1
286	3
287	2
288	1
289	1
290	1
291	1
292	1
293	1
295	2
296	3
297	3
298	2
300	2
301	1
302	2
303	1
308	1
309	1
312	3
313	1
315	2
316	3
317	2
318	1
320	4
321	1
324	1
327	1
328	2
329	2
330	2
334	2
336	1
337	2
339	2
340	1
342	3
343	1
344	2
345	2
346	2
347	1
348	1
350	1
351	1
352	1
353	1
357	1
358	2
360	1
361	1
363	1
364	3
365	2
366	1
370	2
372	1
374	1
375	1
385	1
388	1
390	1
391	2
392	1
396	2
397	2
398	1
399	1
401	1
402	1
403	1
404	1
406	1
408	4
409	1
410	1
411	2
412	1
413	1
416	1
418	1
424	1
426	2
427	1
428	2
431	1
436	1
439	1
441	1
442	2
445	1
448	1
449	2
451	1
452	2
454	2
455	1
456	1
458	1
459	2
460	1
463	1
464	1
465	1
467	1
470	1
471	1
473	1
474	1
476	1
477	2
478	1
479	1
480	1
483	1
489	2
492	1
493	1
494	1
495	1
497	1
499	1
503	1
505	2
508	2
512	1
517	1
518	2
521	1
528	1
529	1
532	1
534	1
536	1
538	1
539	2
540	1
542	1
548	2
549	1
556	2
557	1
558	1
560	2
563	1
564	1
567	1
568	1
569	1
571	1
573	1
577	3
582	1
598	2
599	1
615	1
617	1
619	1
625	1
628	1
629	1
636	1
642	1
644	1
646	1
648	1
650	1
656	2
659	1
663	1
683	2
685	1
686	1
688	1
705	1
709	1
720	1
731	1
734	1
735	1
736	1
742	1
748	1
753	1
754	1
756	1
761	2
779	1
783	1
785	1
793	1
798	1
802	1
803	2
818	1
835	1
846	1
848	1
854	1
885	2
886	1
895	1
914	1
917	2
933	1
934	1
942	1
964	1
980	1
983	1
984	1
1017	1
1021	1
1043	1
1055	1
1065	1
1087	2
1088	1
1094	1
1098	1
1113	1
1160	1
1170	1
1243	2
1284	1
1320	1
1325	1
1328	1
1352	1
1354	1
1366	1
1370	1
1395	1
1404	1
1417	1
1454	1
1466	1
1503	1
1506	1
1526	1
1610	1
1650	1
1658	1
1720	1
1731	1
1750	1
1795	1
1849	1
2611	1
2696	1
3092	1
3945	1
4306	1
5949	1
6249	1
7631	1
